========================================================================
BOX OFFICE PREDICTION — DATA PIPELINE REPORT
========================================================================
Final dataset shape : 2693 rows × 63 columns

── Target Variable Summary ─────────────────────────────────────────
success_category
Flop       993
Hit        934
Average    766

── Numeric Feature Statistics ──────────────────────────────────────
                  id   popularity      runtime  vote_average    vote_count  release_year  release_month  release_dow   budget_2023  revenue_2023  star_power_index  star_power_index_log          roi  director_track_record  genre_action  genre_adventure  genre_animation  genre_comedy  genre_crime  genre_documentary  genre_drama  genre_family  genre_fantasy  genre_history  genre_horror  genre_music  genre_mystery  genre_romance  genre_science_fiction  genre_thriller    genre_war  genre_western  genre_diversity  genre_count  is_franchise  is_adaptation    is_summer   is_holiday  is_award_season  is_weekend_release     month_sin     month_cos   log_budget  is_major_studio  budget_vs_genre_avg  log_popularity  log_vote_count   buzz_score  weighted_rating  rating_confidence  action_x_budget  franchise_x_star  director_x_budget  buzz_x_rating  is_peak_season  competition_proxy    y_revenue      y_class
count    2693.000000  2693.000000  2693.000000   2693.000000   2693.000000   2693.000000    2693.000000  2693.000000  2.693000e+03  2.693000e+03      2.693000e+03           2693.000000  2693.000000            2693.000000   2693.000000      2693.000000      2693.000000   2693.000000  2693.000000        2693.000000  2693.000000   2693.000000    2693.000000    2693.000000   2693.000000  2693.000000    2693.000000    2693.000000            2693.000000     2693.000000  2693.000000    2693.000000      2693.000000  2693.000000   2693.000000     2693.00000  2693.000000  2693.000000      2693.000000         2693.000000  2.693000e+03  2.693000e+03  2693.000000      2693.000000          2693.000000     2693.000000     2693.000000  2693.000000      2693.000000        2693.000000      2693.000000       2693.000000        2693.000000    2693.000000     2693.000000        2693.000000  2693.000000  2693.000000
mean    49288.069439    28.538127   109.257334      6.241589    941.980319   2005.676198       6.922763     3.167100  6.929390e+07  1.794008e+08      7.605849e+09             22.317007     3.450495               3.448730      0.280356         0.188637         0.062013      0.363164     0.173041           0.012254     0.455254      0.116227       0.101003       0.038619      0.095061     0.029335       0.086149       0.182696               0.123283        0.300780     0.031563       0.011140         0.528110     2.652061      0.112514        0.07798     0.320832     0.174155         0.264760            0.496472 -9.730068e-02  1.275506e-02    17.536966         0.381730             1.000000        3.032666        6.101095    19.602091         4.786374           0.786979         5.073946          2.531301          58.625821     106.543982        0.494987           0.140364    18.144489     0.978091
std     78230.986963    31.770321    18.378155      0.826525   1254.052056      6.390571       3.386558     1.293314  6.381307e+07  2.158896e+08      5.141158e+09              1.426531     5.354152               4.535066      0.449257         0.391293         0.241223      0.481001     0.378353           0.110038     0.498086      0.320557       0.301388       0.192720      0.293354     0.168776       0.280636       0.386489               0.328822        0.458682     0.174867       0.104976         0.219145     1.125977      0.316056        0.26819     0.466883     0.379313         0.441288            0.500080  7.181199e-01  6.892326e-01     1.205191         0.485901             0.823356        0.875444        1.359560     8.903631         1.636661           0.977050         8.147106          7.117634          68.055423      70.875107        0.500068           0.347429     1.613140     0.845780
min         5.000000     0.019984    41.000000      3.000000      1.000000   1990.000000       1.000000     0.000000  1.351000e+05  1.525942e+05      0.000000e+00              0.000000     0.003612               0.003612      0.000000         0.000000         0.000000      0.000000     0.000000           0.000000     0.000000      0.000000       0.000000       0.000000      0.000000     0.000000       0.000000       0.000000               0.000000        0.000000     0.000000       0.000000         0.000000     0.000000      0.000000        0.00000     0.000000     0.000000         0.000000            0.000000 -1.000000e+00 -1.000000e+00    11.813778         0.000000             0.002971        0.019787        0.693147     0.027431         0.049505           0.000854         0.000000          0.000000           0.063454       0.002388        0.000000           0.000000    11.935544     0.000000
25%      7512.000000    11.220643    96.000000      5.700000    202.000000   2001.000000       4.000000     2.000000  2.279200e+07  3.281027e+07      3.552728e+09             21.990981     0.964634               1.414407      0.000000         0.000000         0.000000      0.000000     0.000000           0.000000     0.000000      0.000000       0.000000       0.000000      0.000000     0.000000       0.000000       0.000000               0.000000        0.000000     0.000000       0.000000         0.400000     2.000000      0.000000        0.00000     0.000000     0.000000         0.000000            0.000000 -8.660254e-01 -5.000000e-01    16.941920         0.000000             0.395255        2.503127        5.313206    13.262647         3.857991           0.172502         0.000000          0.000000          24.854835      51.843753        0.000000           0.000000    17.306252     0.000000
50%     12090.000000    21.084542   106.000000      6.300000    501.000000   2006.000000       7.000000     3.000000  4.911000e+07  9.812268e+07      7.110151e+09             22.684789     2.109684               2.476055      0.000000         0.000000         0.000000      0.000000     0.000000           0.000000     0.000000      0.000000       0.000000       0.000000      0.000000     0.000000       0.000000       0.000000               0.000000        0.000000     0.000000       0.000000         0.600000     3.000000      0.000000        0.00000     0.000000     0.000000         0.000000            0.000000 -2.449294e-16 -1.836970e-16    17.709573         0.000000             0.780174        3.094878        6.218600    19.089518         5.044961           0.427839         0.000000          0.000000          44.292371      96.799690        0.000000           0.000000    18.401729     1.000000
75%     51588.000000    37.335721   120.000000      6.800000   1170.000000   2011.000000      10.000000     4.000000  9.822000e+07  2.402204e+08      1.063496e+10             23.087412     3.787184               3.838791      1.000000         0.000000         0.000000      1.000000     0.000000           0.000000     1.000000      0.000000       0.000000       0.000000      0.000000     0.000000       0.000000       0.000000               0.000000        1.000000     0.000000       0.000000         0.600000     3.000000      0.000000        0.00000     1.000000     0.000000         1.000000            1.000000  5.000000e-01  5.000000e-01    18.402720         1.000000             1.418943        3.646382        7.065613    25.601231         5.964544           0.999146        17.007467          0.000000          68.326036     151.048314        1.000000           0.000000    19.297067     2.000000
max    417859.000000   724.247784   214.000000      8.500000  10995.000000   2016.000000      12.000000     6.000000  3.824600e+08  1.145539e+09      2.902098e+10             24.091285    50.000000              50.000000      1.000000         1.000000         1.000000      1.000000     1.000000           1.000000     1.000000      1.000000       1.000000       1.000000      1.000000     1.000000       1.000000       1.000000               1.000000        1.000000     1.000000       1.000000         1.000000     7.000000      1.000000        1.00000     1.000000     1.000000         1.000000            1.000000  1.000000e+00  1.000000e+00    19.762135         1.000000             6.879321        6.586513        9.305287    61.212276         8.397652           5.000000        19.708811         23.894105         799.626627     491.298419        1.000000           1.000000    20.859141     2.000000

── Missing Values (post-imputation) ────────────────────────────────
Series([], )

── Column List ─────────────────────────────────────────────────────
  action_x_budget
  budget_2023
  budget_vs_genre_avg
  buzz_score
  buzz_x_rating
  competition_proxy
  director
  director_track_record
  director_x_budget
  franchise_x_star
  genre_action
  genre_adventure
  genre_animation
  genre_comedy
  genre_count
  genre_crime
  genre_diversity
  genre_documentary
  genre_drama
  genre_family
  genre_fantasy
  genre_history
  genre_horror
  genre_music
  genre_mystery
  genre_romance
  genre_science_fiction
  genre_thriller
  genre_war
  genre_western
  id
  is_adaptation
  is_award_season
  is_franchise
  is_holiday
  is_major_studio
  is_peak_season
  is_summer
  is_weekend_release
  log_budget
  log_popularity
  log_vote_count
  month_cos
  month_sin
  original_language
  popularity
  rating_confidence
  release_date
  release_dow
  release_month
  release_year
  revenue_2023
  roi
  runtime
  star_power_index
  star_power_index_log
  success_category
  title
  vote_average
  vote_count
  weighted_rating
  y_class
  y_revenue
========================================================================